    Year    Month          VRP         EVRP           IV           RV          ERV
    1990        1      35.9054      35.9054      53.5941      17.6888      17.6888
    1990        2      32.9177      15.4492      40.2967       7.3790      24.8475
    1990        3      26.5978      16.0745      32.4394       5.8416      16.3649
    1990        4      26.2753      18.6211      31.7525       5.4773      13.1314
    1990        5      19.2201      12.3841      25.1431       5.9229      12.7589
    1990        6      13.0796       9.3027      20.0208       6.9412      10.7181
    1990        7      26.9870      27.7368      37.1360      10.1490       9.3993
    1990        8      51.0203      58.1133      74.5008      23.4805      16.3875
    1990        9      57.6982      36.5006      70.6160      12.9178      34.1155
    1990       10      52.1602      46.5117      75.2001      23.0400      28.6884
    1990       11      30.4216       6.7444      40.9221      10.5006      34.1778
    1990       12      50.2439      40.1984      57.9920       7.7481      17.7936
    1991        1      19.8734      13.9967      36.4357      16.5623      22.4390
    1991        2      24.7257      18.9019      37.5594      12.8337      18.6575
    1991        3      14.9701       6.1666      23.7445       8.7745      17.5779
    1991        4      18.0895      16.3617      27.7248       9.6353      11.3631
    1991        5      14.6129       8.1140      21.1471       6.5342      13.0331
    1991        6      26.4061      22.2325      31.8502       5.4441       9.6177
    1991        7      12.7010       6.4240      19.2027       6.5017      12.7787
    1991        8       9.5733       8.4709      17.4243       7.8510       8.9534
    1991        9      16.4127      12.0508      20.9352       4.5225       8.8844
    1991       10      15.0544      11.2081      19.9692       4.9148       8.7611
    1991       11      24.8364      25.6151      34.2056       9.3693       8.5906
    1991       12      22.9771      15.9720      31.0730       8.0959      15.1010
    1992        1      17.0722      11.6761      25.2300       8.1578      13.5539
    1992        2      18.2210      11.5652      23.1852       4.9642      11.6200
    1992        3      17.3270      12.1285      21.8160       4.4891       9.6876
    1992        4      13.3759      11.0552      20.0984       6.7225       9.0432
    1992        5      12.2742       6.6685      16.0083       3.7341       9.3398
    1992        6      10.3259       8.0498      14.8519       4.5260       6.8021
    1992        7       9.6272       7.7302      14.4541       4.8269       6.7238
    1992        8      11.7631       8.6600      15.3680       3.6049       6.7081
    1992        9      13.9343      10.4561      16.9932       3.0589       6.5371
    1992       10      14.4022      14.8667      21.7352       7.3330       6.8685
    1992       11      11.2196       3.9782      14.1050       2.8854      10.1268
    1992       12      10.2534       7.3343      13.1671       2.9137       5.8328
    1993        1       9.4876       7.3251      12.8547       3.3671       5.5296
    1993        2       9.3831       8.8302      14.4321       5.0490       5.6020
    1993        3       7.9175       6.2960      13.0834       5.1659       6.7874
    1993        4       8.0936       6.4736      12.8547       4.7611       6.3811
    1993        5      10.7938       8.9737      15.1201       4.3263       6.1464
    1993        6       7.3938       3.8299      10.5656       3.1719       6.7357
    1993        7       8.7477       6.7074      11.4661       2.7184       4.7586
    1993        8       9.4471       6.8186      11.7019       2.2547       4.8833
    1993        9      10.4017       9.2805      14.0617       3.6600       4.7812
    1993       10       8.5069       4.8235      10.9443       2.4374       6.1208
    1993       11      12.1877      11.1794      15.7781       3.5904       4.5987
    1993       12       9.6009       4.6608      11.3296       1.7288       6.6689
    1994        1       7.3580       4.9654       9.4164       2.0584       4.4511
    1994        2      14.4292      14.4878      18.4264       3.9972       3.9386
    1994        3      27.0343      27.1350      34.8502       7.8160       7.7152
    1994        4       8.0452       1.0907      15.8011       7.7559      14.7104
    1994        5       9.6803       5.8451      14.1484       4.4681       8.3033
    1994        6      14.6630      12.2096      18.6751       4.0121       6.4655
    1994        7       7.8015       2.5187      10.3231       2.5216       7.8043
    1994        8       9.0176       7.5167      11.9401       2.9225       4.4234
    1994        9      13.3732      11.8714      16.9932       3.6200       5.1218
    1994       10      12.8008      10.5786      17.6661       4.8654       7.0876
    1994       11      14.5262      13.4007      21.2002       6.6740       7.7995
    1994       12      10.4366       4.8299      14.5200       4.0834       9.6901
    1995        1       9.1658       5.4804      11.9201       2.7543       6.4398
    1995        2       9.4248       6.4557      11.5052       2.0804       5.0495
    1995        3      11.0168      10.2492      14.8964       3.8796       4.6472
    1995        4       8.9891       5.0189      11.5052       2.5161       6.4863
    1995        5       9.2506       8.9428      13.7602       4.5096       4.8174
    1995        6       6.2258       4.4404      10.7920       4.5662       6.3516
    1995        7      10.2589       9.7859      15.1650       4.9061       5.3791
    1995        8       7.4287       4.0820      11.0592       3.6305       6.9772
    1995        9      10.6570       8.4225      13.5256       2.8687       5.1031
    1995       10      11.5482      10.3069      15.9391       4.3909       5.6321
    1995       11       8.5363       4.1393      11.1747       2.6384       7.0354
    1995       12       9.2318       8.3081      13.0625       3.8307       4.7544
    1996        1       6.2807       7.2307      13.0834       6.8027       5.8527
    1996        2      15.4671      17.1764      24.1968       8.7297       7.0204
    1996        3      18.9536      18.2074      29.7045      10.7509      11.4972
    1996        4      14.1619       6.7502      20.8824       6.7205      14.1323
    1996        5      14.2560      11.9186      21.5204       7.2644       9.6018
    1996        6      10.4794       5.5672      15.5952       5.1158      10.0280
    1996        7      13.3234      24.3544      31.5576      18.2343       7.2033
    1996        8      19.5613       6.4359      24.1117       4.5503      17.6758
    1996        9      18.2089      14.1055      23.9419       5.7330       9.8364
    1996       10      22.4557      17.0896      27.3310       4.8753      10.2414
    1996       11      19.6608      13.4395      24.4816       4.8208      11.0422
    1996       12      25.1198      26.4045      36.4705      11.3508      10.0660
    1997        1      18.5619      14.9562      31.5901      13.0282      16.6339
    1997        2      27.3941      21.4474      37.1008       9.7068      15.6535
    1997        3      28.2277      24.6453      40.8483      12.6206      16.2030
    1997        4      18.0430      14.9368      33.5336      15.4906      18.5968
    1997        5      16.7757      13.4215      30.6880      13.9123      17.2665
    1997        6      27.5567      22.9319      38.6284      11.0717      15.6965
    1997        7      24.8431      21.2012      38.4492      13.6061      17.2480
    1997        8      28.4250      32.9104      51.0881      22.6631      18.1778
    1997        9      30.3751      17.7886      43.7390      13.3639      25.9504
    1997       10      64.1708      82.7532     102.6090      38.4382      19.8558
    1997       11      46.3770      13.3239      62.7004      16.3234      49.3765
    1997       12      34.0974      20.6742      48.0400      13.9426      27.3658
    1998        1      22.6180      16.8902      38.4134      15.7954      21.5232
    1998        2      21.2434       9.6544      28.6752       7.4318      19.0208
    1998        3      41.0088      36.3930      48.8840       7.8752      12.4911
    1998        4      27.3293      17.9463      37.3827      10.0534      19.4364
    1998        5      28.0328      21.4457      37.8785       9.8457      16.4329
    1998        6      18.8789      15.8558      32.3737      13.4947      16.5179
    1998        7      37.6684      35.1550      51.2533      13.5850      16.0983
    1998        8     115.8531     140.9329     163.3932      47.5401      22.4603
    1998        9      71.2983      66.4412     139.7419      68.4436      73.3007
    1998       10      12.0462      -7.9717      65.5669      53.5207      73.5386
    1998       11      43.6925      13.5230      56.3767      12.6842      42.8537
    1998       12      32.2986      25.8693      49.6947      17.3961      23.8254
    1999        1      33.8067      33.9955      57.4219      23.6152      23.4264
    1999        2      39.5440      36.3298      64.7745      25.2306      28.4447
    1999        3      24.9518      13.5461      45.0856      20.1338      31.5396
    1999        4      29.5311      29.4243      52.3754      22.8443      22.9511
    1999        5      28.6386      27.2685      53.7210      25.0824      26.4525
    1999        6      20.7194       9.2881      37.0657      16.3462      27.7775
    1999        7      38.3755      31.8099      50.5941      12.2187      18.7843
    1999        8      31.0145      28.1111      49.8169      18.8024      21.7058
    1999        9      32.0597      29.7891      53.8057      21.7460      24.0166
    1999       10      15.9112      14.5671      41.0700      25.1588      26.5029
    1999       11      33.9662      25.1548      48.7227      14.7565      23.5679
    1999       12      35.7088      28.5243      50.5941      14.8853      22.0698
    2000        1      23.8921      29.1280      51.8752      27.9831      22.7472
    2000        2      18.8877      17.2212      45.5131      26.6254      28.2918
    2000        3      10.4004      22.8115      48.4410      38.0406      25.6296
    2000        4      -9.7240      26.1344      57.2033      66.9273      31.0689
    2000        5      10.8624       1.3234      46.6102      35.7478      45.2868
    2000        6      13.1297       2.2577      31.8176      18.6880      29.5599
    2000        7      22.2400      17.9055      35.8456      13.6056      17.9401
    2000        8      12.9085       6.3270      23.6321      10.7236      17.3051
    2000        9      16.0563      23.1737      35.2604      19.2041      12.0867
    2000       10       0.7567      27.2360      46.5314      45.7747      19.2954
    2000       11      37.4267      39.8107      73.2602      35.8335      33.4495
    2000       12      24.7904      21.5527      60.0769      35.2865      38.5241
    2001        1       5.2306       6.5141      40.4067      35.1761      33.8926
    2001        2      42.2919      39.7191      66.9769      24.6850      27.2578
    2001        3      13.2787      36.2896      68.3541      55.0755      32.0645
    2001        4      13.9733       9.7076      54.1025      40.1292      44.3949
    2001        5      23.6240       8.9323      42.7141      19.0901      33.7818
    2001        6      12.7123       8.5249      30.2736      17.5613      21.7487
    2001        7      23.0576      21.9693      38.9520      15.8944      16.9827
    2001        8      34.0391      32.5106      51.7505      17.7114      19.2399
    2001        9      35.7210      60.7219      84.9604      49.2394      24.2385
    2001       10      58.3443      46.1755      93.8561      35.5118      47.6806
    2001       11      25.1728       2.0617      47.3621      22.1893      45.3004
    2001       12      35.7873      22.6866      47.2033      11.4161      24.5167
    2002        1      20.8956      16.8096      37.0657      16.1701      20.2561
    2002        2      19.4193      20.1285      38.8440      19.4247      18.7155
    2002        3      11.5046       4.6475      25.2300      13.7254      20.5825
    2002        4      24.6613      26.2095      40.0040      15.3427      13.7945
    2002        5      14.5732      13.8897      33.2667      18.6935      19.3770
    2002        6      15.5733      35.3354      53.7633      38.1900      18.4279
    2002        7     -21.8967      52.5826      85.4934     107.3901      32.9108
    2002        8      29.5560      18.2111      88.7808      59.2248      70.5697
    2002        9      80.6108      78.4141     131.2747      50.6639      52.8606
    2002       10      -0.0970      17.0509      80.8083      80.9053      63.7574
    2002       11      31.6829       4.3647      63.0208      31.3380      58.6562
    2002       12      43.3278      34.9216      68.2587      24.9309      33.3371
    2003        1      55.7305      48.3740      80.9641      25.2335      32.5901
    2003        2      46.5227      36.1954      73.1614      26.6387      36.9660
    2003        3      34.7469      35.9102      70.8102      36.0633      34.9000
    2003        4      12.8601      -0.3042      37.4887      24.6286      37.7928
    2003        5      14.8049       9.4294      31.5901      16.7851      22.1606
    2003        6      14.3919      14.6318      31.7525      17.3606      17.1208
    2003        7       9.9036      14.2551      31.6550      21.7514      17.3999
    2003        8      15.2008       9.8410      28.9231      13.7223      19.0821
    2003        9      30.5595      27.9857      43.0165      12.4570      15.0308
    2003       10       6.8398       2.3413      21.6008      14.7610      19.2595
    2003       11      13.5734       9.2125      22.1952       8.6218      12.9827
    2003       12      20.7938      17.1538      27.9380       7.1442      10.7843
    2004        1      14.0860      10.9147      23.0464       8.9604      12.1317
    2004        2       9.8728       6.4401      17.6419       7.7691      11.2018
    2004        3       9.4462      14.4269      23.3523      13.9061       8.9254
    2004        4      13.4427      11.3889      24.6247      11.1820      13.2358
    2004        5       5.2403       7.4226      20.0208      14.7805      12.5983
    2004        6      10.6631       4.6754      17.1363       6.4732      12.4609
    2004        7      10.0533      11.3087      19.5585       9.5052       8.2499
    2004        8      10.4318       9.2363      19.4820       9.0502      10.2457
    2004        9       9.0262       4.7873      14.8296       5.8034      10.0423
    2004       10      14.1218      14.8441      22.0594       7.9376       7.2153
    2004       11       6.6873       4.1366      14.6081       7.9209      10.4716
    2004       12       8.9618       6.7507      14.7187       5.7568       7.9680
    2005        1       5.7193       6.5361      13.6960       7.9767       7.1599
    2005        2       7.5783       4.4764      12.1605       4.5822       7.6842
    2005        3       8.7577      10.5361      16.3800       7.6223       5.8439
    2005        4       7.8733      11.0878      19.5330      11.6597       8.4452
    2005        5       6.8200       3.6401      14.7187       7.8987      11.0786
    2005        6       5.9874       4.0837      12.0801       6.0928       7.9964
    2005        7       5.2186       4.7485      11.1554       5.9368       6.4069
    2005        8       6.5591       7.1939      13.2300       6.6709       6.0361
    2005        9       5.3559       4.8225      11.8405       6.4846       7.0180
    2005       10       7.0583      13.0789      19.5585      12.5003       6.4796
    2005       11       6.8256       0.7049      12.1203       5.2947      11.4154
    2005       12       7.1476       6.0317      12.1404       4.9928       6.1087
    2006        1       6.9877       7.9777      13.9752       6.9875       5.9975
    2006        2       7.2603       5.2982      12.6896       5.4294       7.3914
    2006        3       5.1758       4.4590      10.8110       5.6352       6.3521
    2006        4       3.9782       5.3911      11.1940       7.2158       5.8029
    2006        5      10.6306      15.9743      22.5228      11.8922       6.5485
    2006        6       0.0714       2.0859      14.2572      14.1858      12.1713
    2006        7       8.5007       8.3280      18.6252      10.1246      10.2972
    2006        8       4.0997       2.4532      12.6280       8.5283      10.1748
    2006        9       6.9885       4.4183      11.9600       4.9715       7.5417
    2006       10       5.4026       4.3388      10.2675       4.8649       5.9287
    2006       11       4.3349       4.5991       9.9190       5.5842       5.3199
    2006       12       6.9593       5.6521      11.1361       4.1768       5.4840
    2007        1       3.8813       3.7058       9.0480       5.1668       5.3423
    2007        2      12.8325      14.7855      19.8147       6.9822       5.0292
    2007        3       0.6281       8.5146      17.8608      17.2327       9.3462
    2007        4      12.0013       4.1560      16.8507       4.8494      12.6947
    2007        5       7.8009       6.6719      14.1919       6.3910       7.5200
    2007        6      10.6360      14.7200      21.9511      11.3151       7.2310
    2007        7      28.7886      34.3449      46.0992      17.3106      11.7543
    2007        8      -1.5016      23.3639      45.5520      47.0536      22.1881
    2007        9      11.9168      -6.6208      27.0000      15.0832      33.6208
    2007       10      11.6295      13.6955      28.6134      16.9839      14.9179
    2007       11       2.8071      27.3855      43.5864      40.7793      16.2009
    2007       12      18.1362      11.6758      42.1875      24.0513      30.5117
    2008        1     -24.1685      33.6935      57.2033      81.3718      23.5098
    2008        2      26.2320       7.7696      58.6976      32.4656      50.9281
    2008        3       3.2104      22.3273      54.6560      51.4456      32.3287
    2008        4      13.4642      -2.3682      36.0187      22.5544      38.3869
    2008        5      13.2069       5.6344      26.4924      13.2855      20.8580
    2008        6      24.1558      33.7545      47.8002      23.6444      14.0457
    2008        7       2.8660      18.6218      43.8536      40.9876      25.2318
    2008        8      15.7629       4.8526      35.5352      19.7723      30.6826
    2008        9      -9.4708     109.6882     129.2977     138.7684      19.6094
    2008       10    -218.5638     201.3973     298.9010     517.4648      97.5037
    2008       11       8.3060     -47.5813     254.6565     246.3506     302.2378
    2008       12     -11.3457     -48.1952     133.3333     144.6790     181.5285
    2009        1      70.8220      66.3877     167.5521      96.7301     101.1644
    2009        2      77.8161      85.1216     179.0269     101.2108      93.9053
    2009        3      31.0030      62.8611     162.3616     131.3586      99.5005
    2009        4      38.9557       5.3309     111.0208      72.0651     105.6899
    2009        5      21.9618       4.3690      69.6972      47.7354      65.3282
    2009        6      24.9186      15.8819      57.8602      32.9416      41.9783
    2009        7      26.3099      23.7532      55.9872      29.6773      32.2340
    2009        8      32.8870      26.0452      56.3767      23.4897      30.3315
    2009        9      36.5844      26.6106      54.6560      18.0716      28.0454
    2009       10      54.9727      53.1368      78.4897      23.5169      25.3528
    2009       11      24.6335      14.5953      50.0617      25.4282      35.4664
    2009       12      25.7780      12.4822      39.1685      13.3905      26.6863
    2010        1      35.8021      32.1774      50.5120      14.7099      18.3346
    2010        2       8.9274       9.0363      31.6875      22.7601      22.6512
    2010        3      16.6244       6.2971      25.7840       9.1596      19.4869
    2010        4      27.6992      28.3199      40.5169      12.8177      12.1970
    2010        5      -4.9741      67.1443      85.7071      90.6811      18.5628
    2010        6      59.3896      35.3019      99.4176      40.0280      64.1157
    2010        7      14.9573      -2.9071      46.0208      31.0635      48.9279
    2010        8      29.0573      29.0172      56.5502      27.4929      27.5330
    2010        9      28.2687      17.1405      46.8075      18.5388      29.6670
    2010       10      22.6484      14.5482      37.4533      14.8050      22.9052
    2010       11      26.8168      27.8654      46.1776      19.3608      18.3122
    2010       12      18.6383       3.2401      26.2552       7.6169      23.0151
    2011        1      24.2112      20.0327      31.7851       7.5739      11.7524
    2011        2      18.6508      14.4715      28.0602       9.4094      13.5887
    2011        3      -1.7329      13.1683      26.2256      27.9585      13.0573
    2011        4       7.4707      -1.5566      18.1302      10.6595      19.6868
    2011        5       5.4421       9.6740      19.8919      14.4498      10.2179
    2011        6       5.3640      10.4541      22.7425      17.3785      12.2885
    2011        7      36.5825      38.7426      53.1302      16.5477      14.3876
    2011        8     -38.6148      59.0723      83.3187     121.9335      24.2464
    2011        9      77.2966      78.2760     153.7968      76.5002      75.5208
    2011       10      19.8831      -6.5949      74.8001      54.9171      81.3950
    2011       11       2.5655      17.9102      64.4033      61.8379      46.4932
    2011       12      22.1362      -0.0820      45.6300      23.4938      45.7120
    2012        1      17.5015       7.0471      31.4928      13.9913      24.4457
    2012        2      19.9323      12.3084      28.3054       8.3731      15.9970
    2012        3      11.2778       7.2861      20.0208       8.7430      12.7347
    2012        4      11.1367      14.4073      24.5102      13.3736      10.1030
    2012        5      30.2724      34.8245      48.2403      17.9679      13.4158
    2012        6       4.5996       1.1482      24.3105      19.7109      23.1623
    2012        7      13.6199      14.0381      29.8621      16.2422      15.8239
    2012        8      15.3676       9.1038      25.4334      10.0658      16.3296
    2012        9      14.0605       8.1860      20.6194       6.5589      12.4334
    2012       10      17.6835      19.3795      28.8300      11.1465       9.4505
    2012       11       5.7418       6.9944      20.9881      15.2462      13.9937
    2012       12      17.9280      14.0931      27.0600       9.1320      12.9669
    2013        1       8.8522       4.3794      16.9932       8.1410      12.6138
    2013        2      13.4413      11.1934      20.0467       6.6054       8.8532
    2013        3       5.4056       4.1641      13.4408       8.0352       9.2768
    2013        4       2.8809       7.6110      15.2325      12.3516       7.6215
    2013        5      11.2259      12.2332      22.1408      10.9150       9.9077
    2013        6       4.4336      12.0267      23.6883      19.2547      11.6616
    2013        7       6.9345      -0.3620      15.0752       8.1407      15.4372
    2013        8      16.0349      15.9013      24.1117       8.0767       8.2104
    2013        9      14.5738      11.7497      22.9633       8.3895      11.2136
    2013       10       5.6800       4.8043      15.7552      10.0752      10.9510
    2013       11      11.1871       6.4471      15.6408       4.4538       9.1938
    2013       12       9.5654       8.7265      15.6865       6.1211       6.9600
    2014        1      18.5216      20.6175      28.2440       9.7224       7.6265
    2014        2       9.1573       3.0922      16.3333       7.1760      13.2411
    2014        3       5.2474       7.7993      16.0545      10.8071       8.2553
    2014        4       5.5559       5.4057      14.9857       9.4298       9.5799
    2014        5       5.3777       2.1462      10.8300       5.4523       8.6838
    2014        6       8.2195       5.4176      11.1554       2.9359       5.7378
    2014        7      17.2004      19.0778      23.9419       6.7415       4.8641
    2014        8       5.5348       1.3248      11.9600       6.4252      10.6353
    2014        9      15.8906      15.6715      22.1680       6.2774       6.4965
    2014       10     -10.8885       6.5438      16.4034      27.2919       9.8596
    2014       11      10.9088      -1.3275      14.8074       3.8986      16.1349
    2014       12      17.5331      24.2561      30.7200      13.1869       6.4639
    2015        1      16.2958      21.2212      36.6451      20.3493      15.4239
    2015        2       7.9046      -5.3771      14.8296       6.9250      20.2067
    2015        3       9.7785      11.8287      19.4820       9.7035       7.6533
    2015        4      10.7024       7.3444      17.6419       6.9395      10.2975
    2015        5       9.1241       7.3608      15.9621       6.8381       8.6014
    2015        6      18.7258      19.6955      27.6944       8.9686       7.9989
    2015        7       0.9648      -0.5213      12.2412      11.2764      12.7625
    2015        8     -11.7472      58.8701      67.3554      79.1026       8.4853
    2015        9      16.2587      -3.4231      50.0208      33.7621      53.4439
    2015       10       4.2760     -11.0020      18.9254      14.6494      29.9274
    2015       11      14.1915       9.6388      21.6814       7.4899      12.0426
    2015       12       9.1229      17.4637      27.6337      18.5108      10.1700
    2016        1     -15.8160      17.5345      34.0033      49.8193      16.4689
    2016        2       2.0148       4.3611      35.1919      33.1771      30.8308
    2016        3       5.0780      -8.5127      16.2169      11.1389      24.7295
    2016        4      12.6402      10.7769      20.5408       7.9006       9.7639
    2016        5       8.7618       6.8315      16.7797       8.0179       9.9482
    2016        6       0.0348      11.6245      20.3581      20.3232       8.7336
    2016        7       6.6532      -2.9972      11.7414       5.0882      14.7386
    2016        8      11.2992       9.1070      15.0080       3.7089       5.9011
    2016        9       5.6036       8.2616      14.7187       9.1151       6.4570
    2016       10      17.1324      15.7822      24.2536       7.1213       8.4714
    2016       11       6.3864       3.9194      14.8074       8.4210      10.8880
    2016       12      12.5386       8.1967      16.4268       3.8882       8.2301
    2017        1       7.4651       4.9775      11.9800       4.5149       7.0025
    2017        2      10.9366       8.1534      13.9105       2.9739       5.7571
    2017        3       7.1965       6.9492      12.7514       5.5549       5.8022
    2017        4       4.4930       3.3342       9.7560       5.2630       6.4218
    2017        5       5.7031       3.7267       9.0307       3.3276       5.3040
    2017        6       5.9955       6.1110      10.4160       4.4205       4.3051
    2017        7       5.8568       3.5761       8.7723       2.9155       5.1962
    2017        8       4.5638       5.2881       9.3457       4.7819       4.0576
    2017        9       4.9171       2.5581       7.5367       2.6196       4.9786
    2017       10       6.5894       5.1081       8.6360       2.0466       3.5279
    2017       11       6.9722       6.9307      10.6032       3.6310       3.6725
    2017       12       6.1073       5.2063      10.1568       4.0495       4.9505
    2018        1      10.0329       8.4704      15.2776       5.2447       6.8072
    2018        2      -5.9018      20.6603      32.8352      38.7371      12.1749
    2018        3       8.6653       5.7620      33.2334      24.5681      27.4714
    2018        4      -1.9751      -8.2494      21.1471      23.1221      29.3964
    2018        5       9.4048       3.2582      19.8404      10.4356      16.5822
    2018        6      13.2745       5.0526      21.5740       8.2995      16.5214
    2018        7       8.1409      -4.8897      13.7174       5.5765      18.6072
    2018        8       8.5030       3.3157      13.7816       5.2786      10.4659
    2018        9       7.9528       1.6749      12.2412       4.2884      10.5663
    2018       10      -2.2509      28.5411      37.5594      39.8103       9.0183
    2018       11       2.7329      -5.2160      27.2104      24.4775      32.4264
    2018       12      -4.0034      30.9039      53.8480      57.8514      22.9441
